[0.9442, 0.6988, 0.6015],2,1
[0.9442, 0.6988, 0.6015],0,1
[0.9442, 0.7279, 0.6015],3,4
[0.9442, 0.7279, 0.6015],0,4
[0.9079, 0.7279, 0.6347],4,1
[0.9079, 0.7279, 0.6347],0,1
[0.9079, 0.7491, 0.6347],5,1
[0.9079, 0.7491, 0.6347],0,1
[0.9079, 0.7577, 0.6464],5,9
[0.9079, 0.7577, 0.6464],0,9
[0.9079, 0.7577, 0.6433],5,14
[0.9079, 0.7577, 0.6433],0,14
[0.9079, 0.7577, 0.6059],5,15
[0.9079, 0.7577, 0.6059],0,15
[0.9079, 0.7828, 0.6059],7,2
[0.8971, 0.7828, 0.6059],7,17
[0.8971, 0.7799, 0.563],7,17
[0.8971, 0.7799, 0.563],7,19
[0.8971, 0.7799, 0.5429],7,20
[0.8971, 0.7799, 0.5356],8,1
[0.8971, 0.7799, 0.5051],8,14
[0.8971, 0.7799, 0.4618],8,19
[0.8971, 0.8006, 0.4618],8,19
[0.8971, 0.8006, 0.4143],9,4
[0.8971, 0.8026, 0.3929],10,1
[0.8971, 0.8034, 0.3929],10,19
[0.8971, 0.8034, 0.3641],10,19
[0.8971, 0.8034, 0.3641],10,19
[0.8971, 0.8034, 0.3172],12,1
[0.8971, 0.8034, 0.2925],13,2
[0.8971, 0.8034, 0.2798],13,20
[0.8971, 0.8034, 0.2376],16,3
[0.8971, 0.8034, 0.1979],17,1
[0.8971, 0.8034, 0.154],17,18
[0.8971, 0.8034, 0.1292],17,18
[0.9051, 0.8034, 0.1292],17,20
[0.9051, 0.8034, 0.1292],17,20
[0.9051, 0.8034, 0.1292],17,20
[0.9051, 0.8034, 0.0931],17,20
[0.9051, 0.8034, 0.0476],55,2
[0.9051, 0.778, 0.0267],100,1
[0.8962, 0.7776, 0.0267],100,16
[0.8776, 0.7776, 0.0179],100,2
[0.8811, 0.7776, 0.0179],100,20
[0.8811, 0.7776, 0.0179],100,15
[0.8811, 0.7776, 0.0179],100,17
[0.8811, 0.7776, 0.0157],100,19
[0.8813, 0.7776, 0.0157],100,19
[0.8813, 0.7776, 0.0157],100,18
[0.8813, 0.7776, 0.0127],100,18
[0.8813, 0.7776, 0.0127],100,18
[0.8813, 0.7776, 0.0127],100,20
[0.8813, 0.7776, 0.0127],100,19
[0.8813, 0.7776, 0.0127],100,18
[0.8813, 0.7776, 0.0127],100,16
[0.8813, 0.7776, 0.0127],100,19
[0.8813, 0.7776, -0.0168],100,18
[0.8813, 0.7776, -0.0168],100,20
[0.8813, 0.7776, -0.0168],100,18
[0.8813, 0.7776, -0.0168],100,20
[0.8813, 0.7776, -0.0369],100,18
[0.8813, 0.7776, -0.0369],100,19
[0.8813, 0.7776, -0.0369],100,20
[0.8813, 0.7776, -0.0369],100,20
[0.8813, 0.7776, -0.0369],100,19
[0.8813, 0.7776, -0.0369],100,19
[0.8813, 0.7776, -0.0369],100,20
[0.8813, 0.7776, -0.0369],100,20
[0.8813, 0.7776, -0.0369],100,20
[0.8752, 0.7776, -0.0369],100,20
[0.8752, 0.7776, -0.0369],100,20
[0.8752, 0.7776, -0.0369],100,20
[0.8752, 0.7776, -0.0369],100,20
[0.8752, 0.7776, -0.0403],100,20
[0.8752, 0.7776, -0.0403],100,20
[0.8752, 0.7776, -0.0403],100,20
[0.8752, 0.7776, -0.0403],100,20
[0.8752, 0.7776, -0.0403],100,20
[0.8752, 0.7776, -0.0403],100,20
[0.8752, 0.7776, -0.0403],100,20
[0.8752, 0.7776, -0.0403],100,20
[0.8752, 0.7776, -0.0403],100,20
[0.8752, 0.7776, -0.0292],100,20
[0.8752, 0.7776, -0.0292],100,20
[0.8752, 0.7776, -0.0292],100,19
[0.8752, 0.7776, -0.0292],100,20
[0.8752, 0.7776, -0.0292],100,20
[0.8752, 0.7776, -0.0292],100,19
[0.8752, 0.7776, -0.0292],100,20
[0.8752, 0.7776, -0.0292],100,19
[0.8752, 0.7776, -0.0292],100,20
[0.8752, 0.7776, -0.0292],100,20
[0.8752, 0.7776, -0.0292],100,20
[0.8752, 0.7776, -0.0292],100,20
[0.8752, 0.7776, -0.0292],100,20
[0.8752, 0.7776, -0.0292],100,20
[0.8752, 0.7776, -0.0292],100,18
[0.8752, 0.7776, -0.0292],100,20
[0.8752, 0.7776, -0.0292],100,20
[0.8752, 0.7776, -0.0292],100,20
[0.8752, 0.7776, -0.0292],100,20
