[0.9126, 0.7459, 0.3412, 0.0235],4,1
[0.9126, 0.7459, 0.3412, 0.0235],0,1
[0.9126, 0.7459, 0.3461, 0.0235],5,1
[0.9126, 0.7459, 0.3461, 0.0235],0,1
[0.9084, 0.7459, 0.3461, 0.0235],5,19
[0.9084, 0.7459, 0.3461, 0.0235],0,19
[0.9084, 0.7492, 0.3461, 0.0235],5,20
[0.9084, 0.7492, 0.3461, 0.0235],0,20
[0.9084, 0.7492, 0.3461, 0.0235],5,20
[0.9084, 0.7492, 0.3461, 0.0235],0,20
[0.9051, 0.7492, 0.3461, 0.0235],5,20
[0.9051, 0.7492, 0.3461, 0.0235],0,20
[0.9008, 0.7492, 0.3461, 0.0235],10,1
[0.9005, 0.7492, 0.3461, 0.0235],10,19
[0.8997, 0.7501, 0.3461, 0.0235],10,19
[0.8997, 0.7525, 0.3461, 0.0262],10,20
[0.8997, 0.7537, 0.3461, 0.0262],10,20
[0.8997, 0.7568, 0.3461, 0.0262],10,20
[0.8997, 0.7587, 0.3461, 0.0287],10,20
[0.8997, 0.7587, 0.3423, 0.0287],10,20
[0.8997, 0.7587, 0.3423, 0.0287],10,20
[0.8997, 0.7613, 0.3423, 0.0287],10,20
[0.8997, 0.7613, 0.3423, 0.0287],10,20
[0.8951, 0.7638, 0.3423, 0.0287],10,20
[0.8951, 0.7681, 0.3381, 0.0287],10,20
[0.8951, 0.7681, 0.3381, 0.0287],10,20
[0.8951, 0.7681, 0.3394, 0.0287],10,20
[0.8951, 0.7681, 0.3394, 0.0305],10,20
[0.8951, 0.7681, 0.3378, 0.0305],11,1
[0.8958, 0.7681, 0.3378, 0.0305],11,19
[0.8917, 0.7681, 0.3378, 0.0305],11,19
[0.8886, 0.7681, 0.3378, 0.0305],11,17
[0.8886, 0.7681, 0.3378, 0.0305],11,17
[0.8886, 0.7727, 0.3378, 0.0305],11,17
[0.8886, 0.7727, 0.3341, 0.0305],11,20
[0.8886, 0.7752, 0.3341, 0.0286],11,20
[0.8849, 0.7752, 0.3341, 0.0286],11,20
[0.8849, 0.7752, 0.3341, 0.0286],11,20
[0.8849, 0.7778, 0.3341, 0.0286],11,20
[0.8849, 0.7778, 0.3322, 0.0286],11,20
[0.8818, 0.7778, 0.3322, 0.0286],11,20
[0.8788, 0.7778, 0.3322, 0.0286],11,20
[0.8788, 0.7778, 0.3295, 0.0286],11,20
[0.8788, 0.7778, 0.3245, 0.0286],11,20
[0.8788, 0.7778, 0.3245, 0.0286],11,20
[0.8788, 0.7778, 0.3245, 0.0286],11,20
[0.8762, 0.7778, 0.3245, 0.0286],11,20
[0.8747, 0.7778, 0.3283, 0.0286],11,20
[0.8751, 0.7778, 0.3283, 0.0286],11,20
[0.8751, 0.7821, 0.3283, 0.0286],11,20
[0.8751, 0.7858, 0.3283, 0.0286],11,20
[0.8751, 0.7858, 0.3283, 0.0286],11,20
[0.8751, 0.7858, 0.3283, 0.0286],11,20
[0.8751, 0.7858, 0.3283, 0.0286],11,20
[0.8751, 0.7858, 0.3253, 0.0286],11,20
[0.8751, 0.7858, 0.3253, 0.0286],11,20
[0.8751, 0.7858, 0.321, 0.0286],12,1
[0.8751, 0.7858, 0.321, 0.0286],12,18
[0.8751, 0.7858, 0.321, 0.0286],12,18
[0.8751, 0.7858, 0.321, 0.0286],12,16
[0.8751, 0.7858, 0.321, 0.0286],12,18
[0.8751, 0.7858, 0.321, 0.0286],12,20
[0.8751, 0.7858, 0.321, 0.0286],12,17
[0.8763, 0.7858, 0.321, 0.0286],12,18
[0.8763, 0.7858, 0.321, 0.0279],12,19
[0.8763, 0.7853, 0.321, 0.0279],12,18
[0.8763, 0.7853, 0.321, 0.0279],12,14
[0.8763, 0.7853, 0.321, 0.0279],12,19
[0.8763, 0.7853, 0.321, 0.0279],12,17
[0.8763, 0.7853, 0.321, 0.0279],12,18
[0.8763, 0.7853, 0.321, 0.0328],12,20
[0.8763, 0.7853, 0.321, 0.0328],12,17
[0.8763, 0.7853, 0.321, 0.0328],12,16
[0.8763, 0.7853, 0.321, 0.0328],12,20
[0.8763, 0.7853, 0.321, 0.0328],12,18
[0.8763, 0.7853, 0.321, 0.0328],12,17
[0.8763, 0.7853, 0.321, 0.0328],12,17
[0.8763, 0.7853, 0.321, 0.0323],12,19
[0.8763, 0.7853, 0.321, 0.0323],12,18
[0.8763, 0.7853, 0.321, 0.0323],12,17
[0.8763, 0.7853, 0.321, 0.0323],12,17
[0.8763, 0.7853, 0.321, 0.0323],12,18
[0.8763, 0.7853, 0.321, 0.0323],12,17
[0.8763, 0.7853, 0.321, 0.0323],12,19
[0.8763, 0.7853, 0.321, 0.0323],12,18
[0.8763, 0.7853, 0.3208, 0.0323],12,16
[0.8763, 0.7853, 0.3208, 0.0323],12,19
[0.8763, 0.7853, 0.3208, 0.0323],12,20
[0.8763, 0.7853, 0.3208, 0.0323],12,19
[0.8763, 0.7853, 0.3208, 0.0323],12,16
[0.8763, 0.7853, 0.3208, 0.0323],12,17
[0.8763, 0.7853, 0.3208, 0.0304],12,17
[0.8763, 0.7853, 0.3208, 0.0304],12,18
[0.8763, 0.7853, 0.3208, 0.0304],12,18
[0.8763, 0.7853, 0.3208, 0.0304],12,14
[0.8763, 0.7853, 0.3208, 0.0289],12,18
[0.8763, 0.7853, 0.3208, 0.0289],12,18
[0.8763, 0.7853, 0.3208, 0.0289],12,16
[0.8763, 0.7853, 0.3208, 0.0289],12,15
[0.8763, 0.7853, 0.3208, 0.0289],12,18
[0.8763, 0.7853, 0.3208, 0.0289],12,16
[0.8763, 0.7853, 0.3208, 0.0289],12,17
[0.8763, 0.7853, 0.3208, 0.0289],12,19
[0.8763, 0.7853, 0.3208, 0.0289],12,15
[0.8763, 0.7853, 0.3208, 0.0289],12,17
[0.8763, 0.7853, 0.3208, 0.0289],12,16
[0.8763, 0.7853, 0.3158, 0.0289],12,19
[0.8763, 0.7853, 0.3112, 0.0289],12,20
[0.8763, 0.7853, 0.3112, 0.0289],12,20
[0.8763, 0.7853, 0.3065, 0.0289],12,20
[0.8763, 0.7853, 0.3065, 0.0289],12,20
[0.8763, 0.7853, 0.3065, 0.0289],12,20
[0.8763, 0.7853, 0.3065, 0.0267],12,20
[0.8763, 0.788, 0.3065, 0.0267],12,20
[0.8763, 0.788, 0.3042, 0.0267],12,20
[0.8763, 0.788, 0.3004, 0.0267],12,20
[0.8763, 0.788, 0.3004, 0.0267],12,20
[0.8763, 0.788, 0.2999, 0.0267],12,20
[0.8763, 0.788, 0.2999, 0.0267],12,20
[0.8763, 0.7916, 0.2999, 0.0267],12,20
[0.8763, 0.7894, 0.2999, 0.0267],12,20
[0.8763, 0.7894, 0.2999, 0.0267],12,20
[0.8763, 0.7894, 0.2999, 0.0267],12,20
[0.8763, 0.7894, 0.2999, 0.0267],12,20
[0.8763, 0.7894, 0.2999, 0.0267],12,20
[0.8763, 0.7894, 0.2999, 0.0267],12,20
[0.8763, 0.7894, 0.2949, 0.0267],13,1
[0.8763, 0.7894, 0.2939, 0.0267],13,20
[0.8763, 0.7894, 0.2892, 0.0267],13,20
[0.8763, 0.7884, 0.2892, 0.0283],13,20
[0.8763, 0.7884, 0.2847, 0.0283],13,20
[0.8763, 0.7884, 0.2804, 0.0283],13,20
[0.8763, 0.7884, 0.2804, 0.0283],13,20
[0.8734, 0.7884, 0.2804, 0.0283],13,20
[0.8734, 0.7884, 0.2804, 0.0283],13,20
[0.8734, 0.7931, 0.2804, 0.0283],13,20
[0.8734, 0.7931, 0.2804, 0.0283],13,20
[0.8734, 0.7931, 0.2782, 0.0306],16,1
[0.8734, 0.7931, 0.2771, 0.0306],16,20
[0.8762, 0.7931, 0.2771, 0.0306],16,20
[0.8762, 0.7931, 0.2771, 0.0306],16,20
[0.8762, 0.7931, 0.2725, 0.0306],16,20
[0.8762, 0.7931, 0.2725, 0.0306],16,20
[0.8762, 0.7931, 0.2684, 0.0306],16,20
[0.8805, 0.7931, 0.2684, 0.0306],16,20
[0.8817, 0.7931, 0.2684, 0.0306],16,20
[0.8817, 0.7931, 0.2684, 0.0306],16,20
[0.8847, 0.7931, 0.2684, 0.0306],16,20
[0.8865, 0.7931, 0.2684, 0.0306],16,20
[0.8865, 0.7931, 0.2643, 0.0306],16,20
[0.8865, 0.7976, 0.2643, 0.0306],16,20
[0.8865, 0.7957, 0.2643, 0.0306],16,20
[0.8865, 0.7957, 0.2626, 0.0306],16,20
[0.8865, 0.7991, 0.2579, 0.0306],16,20
[0.8865, 0.803, 0.2579, 0.0306],16,20
[0.8865, 0.803, 0.253, 0.0306],16,20
[0.8865, 0.8017, 0.253, 0.0294],16,20
[0.8865, 0.8017, 0.2503, 0.0294],16,20
[0.8865, 0.8017, 0.2482, 0.0294],16,20
[0.8865, 0.8017, 0.2448, 0.0294],16,20
[0.8865, 0.8017, 0.2414, 0.0294],16,20
[0.8865, 0.8017, 0.2414, 0.0294],16,20
[0.8865, 0.8037, 0.2414, 0.0294],16,20
[0.8865, 0.8037, 0.2385, 0.0294],16,20
[0.8865, 0.8037, 0.2378, 0.0294],16,20
[0.8865, 0.8013, 0.2378, 0.0294],16,20
[0.8865, 0.8003, 0.2378, 0.0294],16,20
[0.8865, 0.7958, 0.2378, 0.0294],16,20
[0.8865, 0.7958, 0.2378, 0.0294],16,20
[0.8881, 0.7958, 0.2378, 0.0294],16,20
[0.8881, 0.7958, 0.2378, 0.0294],16,20
[0.8881, 0.7958, 0.2378, 0.0294],16,20
[0.8881, 0.7958, 0.2378, 0.0294],16,20
[0.8881, 0.7958, 0.2378, 0.0294],16,20
[0.8881, 0.7958, 0.234, 0.0294],16,20
[0.8881, 0.7958, 0.234, 0.0294],16,20
[0.8881, 0.7958, 0.234, 0.0294],16,20
[0.8881, 0.7958, 0.2328, 0.0294],16,20
[0.8881, 0.7958, 0.2328, 0.0294],16,20
[0.8881, 0.7958, 0.2317, 0.0294],16,20
[0.8881, 0.7958, 0.2317, 0.0294],16,20
[0.8881, 0.7958, 0.2317, 0.0294],16,20
[0.8881, 0.7958, 0.2317, 0.0294],16,20
[0.8881, 0.7958, 0.2272, 0.0294],16,20
[0.8881, 0.7958, 0.2272, 0.0294],16,20
[0.8881, 0.7958, 0.2272, 0.0294],16,20
[0.8881, 0.7958, 0.2268, 0.0294],16,20
[0.8881, 0.7958, 0.2238, 0.0294],16,20
[0.8881, 0.7944, 0.2238, 0.0294],16,20
[0.8881, 0.7944, 0.2191, 0.0294],16,20
[0.8881, 0.7944, 0.2164, 0.0294],16,20
[0.8881, 0.7944, 0.2158, 0.0294],16,20
[0.8881, 0.7944, 0.2149, 0.0294],16,20
[0.8881, 0.7969, 0.2149, 0.0294],16,20
[0.8881, 0.7969, 0.2149, 0.0294],16,20
[0.8881, 0.7969, 0.2107, 0.0294],16,20
[0.8881, 0.7969, 0.2071, 0.0294],16,20
[0.8881, 0.7969, 0.2071, 0.0294],16,20
[0.8881, 0.7969, 0.2071, 0.0294],16,20
[0.8881, 0.7969, 0.2071, 0.0294],16,20
[0.8881, 0.7969, 0.2071, 0.0294],16,20
[0.8881, 0.7969, 0.2052, 0.0294],16,20
[0.8881, 0.7969, 0.2052, 0.0294],16,20
[0.8881, 0.7969, 0.2052, 0.0294],16,20
[0.8881, 0.7969, 0.2052, 0.0294],16,20
[0.8881, 0.7969, 0.2052, 0.0294],16,20
[0.8881, 0.7969, 0.2052, 0.0294],16,20
[0.8881, 0.7969, 0.2052, 0.0294],16,20
[0.8881, 0.7969, 0.2052, 0.0294],16,20
[0.8881, 0.7969, 0.2052, 0.0294],16,20
[0.8881, 0.7969, 0.2052, 0.0294],16,20
[0.8881, 0.7969, 0.2052, 0.0294],16,20
[0.8881, 0.7969, 0.2052, 0.0294],16,20
[0.8881, 0.7969, 0.2052, 0.0294],16,20
[0.8881, 0.7969, 0.2052, 0.0294],16,20
[0.8881, 0.7969, 0.2052, 0.0294],16,20
[0.8881, 0.7969, 0.2052, 0.0294],16,20
[0.8881, 0.7969, 0.2052, 0.0294],16,20
[0.8881, 0.7969, 0.2052, 0.0294],16,20
[0.8881, 0.7969, 0.2052, 0.0294],16,20
[0.8881, 0.7969, 0.2052, 0.0294],16,20
[0.8881, 0.7969, 0.2052, 0.0294],16,20
[0.8881, 0.7969, 0.2052, 0.0294],16,20
[0.8881, 0.7969, 0.2052, 0.0294],16,20
[0.8881, 0.7969, 0.2052, 0.0294],16,20
[0.8881, 0.7969, 0.2052, 0.0294],16,20
[0.889, 0.7969, 0.2052, 0.0253],16,20
[0.889, 0.7969, 0.2052, 0.0253],16,20
[0.889, 0.7969, 0.2052, 0.0253],16,20
[0.889, 0.7969, 0.2052, 0.0253],16,20
[0.889, 0.7969, 0.2052, 0.0253],16,20
[0.889, 0.7969, 0.2052, 0.0253],16,20
[0.889, 0.7969, 0.2052, 0.0253],16,20
[0.889, 0.7969, 0.2052, 0.0239],16,20
[0.889, 0.7969, 0.2052, 0.0239],16,20
[0.889, 0.7969, 0.2052, 0.0239],16,20
[0.889, 0.7969, 0.2052, 0.0239],16,20
[0.889, 0.7969, 0.2052, 0.0239],16,20
[0.889, 0.7969, 0.2052, 0.0239],16,20
[0.889, 0.7969, 0.2052, 0.0239],16,20
[0.889, 0.7969, 0.2052, 0.0239],16,20
[0.889, 0.7969, 0.2052, 0.0239],16,20
[0.889, 0.7969, 0.2052, 0.0239],16,20
[0.889, 0.7969, 0.2052, 0.0239],16,20
[0.889, 0.7969, 0.2052, 0.0239],16,20
[0.889, 0.7969, 0.2052, 0.0239],16,20
[0.889, 0.7969, 0.2052, 0.0239],16,20
[0.889, 0.7969, 0.2052, 0.0249],16,20
[0.889, 0.7969, 0.2052, 0.0249],16,20
[0.889, 0.7969, 0.2052, 0.0249],16,20
[0.889, 0.7969, 0.2052, 0.0249],16,20
[0.889, 0.7969, 0.2052, 0.0249],16,20
[0.889, 0.7969, 0.2052, 0.0249],16,20
[0.889, 0.7969, 0.2052, 0.0249],16,20
[0.889, 0.7969, 0.2052, 0.0249],16,20
[0.889, 0.7969, 0.2052, 0.0249],16,20
[0.889, 0.7969, 0.2052, 0.0249],16,20
[0.889, 0.7969, 0.2052, 0.0249],16,20
[0.889, 0.7969, 0.2052, 0.0249],16,20
[0.889, 0.7969, 0.2052, 0.0249],16,20
[0.889, 0.7969, 0.2052, 0.0249],16,20
[0.889, 0.7969, 0.2052, 0.0249],16,20
[0.889, 0.7969, 0.2052, 0.0288],16,20
[0.889, 0.7969, 0.2052, 0.0271],16,20
[0.889, 0.7969, 0.2052, 0.0271],16,20
[0.889, 0.7969, 0.2052, 0.0271],16,20
[0.889, 0.7969, 0.2052, 0.0271],16,20
[0.889, 0.7969, 0.2052, 0.0271],16,20
[0.889, 0.7969, 0.2052, 0.0276],16,20
[0.889, 0.7969, 0.2052, 0.0276],16,20
[0.889, 0.7969, 0.2052, 0.0276],16,20
[0.889, 0.7969, 0.2052, 0.0276],16,20
[0.889, 0.7969, 0.2052, 0.0276],16,20
[0.889, 0.7969, 0.2052, 0.0276],16,20
[0.889, 0.7969, 0.2052, 0.0276],16,20
[0.889, 0.7969, 0.2052, 0.0276],16,20
[0.889, 0.7969, 0.2052, 0.0276],16,20
[0.889, 0.7969, 0.2052, 0.0324],16,20
[0.889, 0.7969, 0.2052, 0.0324],16,20
[0.889, 0.7969, 0.2052, 0.0324],16,20
[0.889, 0.7969, 0.2052, 0.0324],16,20
[0.889, 0.7969, 0.2052, 0.0324],16,20
[0.889, 0.7969, 0.2052, 0.0324],16,20
[0.889, 0.7969, 0.2052, 0.0324],16,20
[0.889, 0.7969, 0.2052, 0.0324],16,20
[0.889, 0.7969, 0.2052, 0.0324],16,20
[0.889, 0.7969, 0.2052, 0.0324],16,20
[0.889, 0.7969, 0.2052, 0.0324],16,20
[0.889, 0.7969, 0.2052, 0.0324],16,20
[0.889, 0.7969, 0.2052, 0.0324],16,20
[0.889, 0.7969, 0.2052, 0.0324],16,20
[0.889, 0.7969, 0.2052, 0.0324],16,20
[0.889, 0.7969, 0.2052, 0.0324],16,20
[0.889, 0.7969, 0.2052, 0.0324],16,20
[0.8884, 0.7969, 0.2052, 0.0324],16,20
[0.8884, 0.7969, 0.2052, 0.0324],16,20
[0.8884, 0.7969, 0.2052, 0.0324],16,20
[0.8884, 0.7969, 0.2052, 0.0324],16,20
[0.8884, 0.7969, 0.2052, 0.0324],16,20
[0.8884, 0.7969, 0.2052, 0.0324],16,20
[0.8884, 0.7969, 0.2052, 0.0324],16,20
[0.8884, 0.7969, 0.2052, 0.0324],16,20
[0.8884, 0.7969, 0.2052, 0.0324],16,20
[0.8884, 0.7969, 0.2052, 0.0324],16,20
[0.8884, 0.7969, 0.2052, 0.0324],16,20
[0.8884, 0.7969, 0.2052, 0.0324],16,20
[0.8884, 0.7969, 0.2052, 0.0324],16,20
[0.8884, 0.7969, 0.2052, 0.0324],16,20
[0.8884, 0.7969, 0.2052, 0.033],16,20
[0.8884, 0.7969, 0.2052, 0.033],16,20
[0.8884, 0.7969, 0.2052, 0.033],16,20
[0.8884, 0.7969, 0.2052, 0.033],16,20
[0.8884, 0.7969, 0.2052, 0.033],16,20
[0.8884, 0.7969, 0.2052, 0.033],16,20
[0.8884, 0.7969, 0.2052, 0.033],16,20
[0.8884, 0.7969, 0.2052, 0.033],16,20
[0.8884, 0.7969, 0.2052, 0.033],16,20
[0.8884, 0.7969, 0.2052, 0.033],16,20
[0.8884, 0.7969, 0.2052, 0.033],16,20
[0.8884, 0.7969, 0.2052, 0.033],16,20
[0.8884, 0.7969, 0.2052, 0.033],16,20
[0.8884, 0.7969, 0.2052, 0.033],16,20
[0.8884, 0.7969, 0.2052, 0.033],16,20
[0.8884, 0.7969, 0.2052, 0.033],16,20
[0.8884, 0.7969, 0.2052, 0.033],16,20
[0.8884, 0.7969, 0.2052, 0.033],16,20
[0.8884, 0.7969, 0.2052, 0.033],16,20
[0.8884, 0.7969, 0.2052, 0.033],16,20
[0.8884, 0.7969, 0.2052, 0.033],16,20
[0.8884, 0.7969, 0.2052, 0.033],16,20
[0.8884, 0.7969, 0.2052, 0.033],16,20
[0.8884, 0.7969, 0.2052, 0.033],16,20
[0.8884, 0.7969, 0.2052, 0.033],16,20
[0.8884, 0.7969, 0.2052, 0.033],16,20
[0.8884, 0.7969, 0.2052, 0.033],16,20
[0.8884, 0.7969, 0.2052, 0.033],16,20
[0.8884, 0.7969, 0.2052, 0.033],16,20
[0.8884, 0.7969, 0.2052, 0.033],16,20
[0.8884, 0.7969, 0.2052, 0.033],16,20
[0.8884, 0.7969, 0.2052, 0.033],16,20
[0.8884, 0.7969, 0.2052, 0.033],16,20
[0.8884, 0.7969, 0.2052, 0.033],16,20
[0.8884, 0.7969, 0.2052, 0.0365],16,20
[0.8884, 0.7969, 0.2052, 0.0365],16,20
[0.8884, 0.7969, 0.2052, 0.0365],16,20
[0.8884, 0.7969, 0.2052, 0.0365],16,20
[0.8884, 0.7969, 0.2052, 0.0365],16,20
[0.8884, 0.7969, 0.2052, 0.0365],16,20
[0.8884, 0.7969, 0.2052, 0.0365],16,20
[0.8884, 0.7969, 0.2052, 0.0365],16,20
[0.8884, 0.7969, 0.2052, 0.0365],16,20
[0.8884, 0.7969, 0.2052, 0.0365],16,20
[0.8884, 0.7969, 0.2052, 0.0365],16,20
[0.8884, 0.7969, 0.2052, 0.0365],16,20
[0.8884, 0.7969, 0.2052, 0.0365],16,20
[0.8884, 0.7969, 0.2052, 0.0397],16,20
[0.8884, 0.7969, 0.2052, 0.0397],16,20
[0.8884, 0.7969, 0.2052, 0.0397],16,20
[0.8884, 0.7969, 0.2052, 0.0397],16,20
[0.8884, 0.7969, 0.2052, 0.0397],16,20
[0.8884, 0.7969, 0.2052, 0.0397],16,20
[0.8884, 0.7969, 0.2052, 0.0397],16,20
[0.8884, 0.7969, 0.2052, 0.0397],16,20
[0.8884, 0.7969, 0.2052, 0.0397],16,20
[0.8884, 0.7969, 0.2052, 0.0397],16,20
[0.8884, 0.7969, 0.2052, 0.0397],16,20
[0.8884, 0.7969, 0.2052, 0.0397],16,20
[0.8884, 0.7969, 0.2052, 0.0397],16,20
[0.8884, 0.7969, 0.2052, 0.0397],16,20
[0.8884, 0.7969, 0.2052, 0.0397],16,20
[0.8884, 0.7969, 0.2052, 0.0397],16,20
[0.8884, 0.7969, 0.2052, 0.0397],16,20
[0.8884, 0.7969, 0.2052, 0.0397],16,20
[0.8884, 0.7969, 0.2052, 0.0397],16,20
[0.8884, 0.7969, 0.2052, 0.0397],16,20
[0.8884, 0.7969, 0.2052, 0.0397],16,20
[0.8884, 0.7969, 0.2052, 0.0397],16,20
[0.8884, 0.7969, 0.2052, 0.0397],16,20
[0.8884, 0.7969, 0.2052, 0.0397],16,20
[0.8884, 0.7969, 0.2052, 0.0397],16,20
[0.8884, 0.7969, 0.2052, 0.0397],16,20
[0.8884, 0.7969, 0.2052, 0.0397],16,20
[0.8884, 0.7969, 0.2052, 0.0397],16,20
[0.8884, 0.7969, 0.2052, 0.0397],16,20
[0.8884, 0.7969, 0.2052, 0.0397],16,20
[0.8884, 0.7969, 0.2052, 0.0383],16,20
[0.8884, 0.7969, 0.2052, 0.0384],16,20
[0.8884, 0.7969, 0.2052, 0.0384],16,20
[0.8884, 0.7969, 0.2052, 0.0374],16,20
[0.8884, 0.7969, 0.2052, 0.0374],16,20
[0.8884, 0.7969, 0.2052, 0.0374],16,20
[0.8884, 0.7969, 0.2052, 0.0374],16,20
[0.8884, 0.7969, 0.2052, 0.0374],16,20
[0.8884, 0.7969, 0.2052, 0.0374],16,20
[0.8884, 0.7969, 0.2052, 0.0374],16,20
[0.8884, 0.7969, 0.2052, 0.0374],16,20
[0.8884, 0.7969, 0.2052, 0.0374],16,20
[0.8884, 0.7969, 0.2052, 0.0374],16,20
[0.8884, 0.7969, 0.2052, 0.0374],16,20
[0.8884, 0.7969, 0.2052, 0.0374],16,20
[0.8884, 0.7969, 0.2052, 0.0374],16,20
[0.8884, 0.7969, 0.2052, 0.0374],16,20
[0.8884, 0.7969, 0.2052, 0.0374],16,20
[0.8884, 0.7969, 0.2052, 0.0374],16,20
[0.8884, 0.7969, 0.2052, 0.033],16,20
[0.8884, 0.7969, 0.2052, 0.033],16,20
[0.8884, 0.7969, 0.2052, 0.033],16,20
[0.8884, 0.7969, 0.2052, 0.033],16,20
[0.8884, 0.7969, 0.2052, 0.033],16,20
[0.8884, 0.7969, 0.2052, 0.033],16,20
[0.8884, 0.7969, 0.2052, 0.033],16,20
[0.8884, 0.7969, 0.2052, 0.033],16,20
[0.8884, 0.7969, 0.2052, 0.033],16,20
[0.8884, 0.7969, 0.2052, 0.033],16,20
[0.8884, 0.7969, 0.2052, 0.033],16,20
[0.8884, 0.7969, 0.2052, 0.033],16,20
[0.8884, 0.7969, 0.2052, 0.033],16,20
[0.8884, 0.7969, 0.2052, 0.033],16,20
[0.8884, 0.7969, 0.2052, 0.033],16,20
[0.8884, 0.7969, 0.2052, 0.0347],16,20
[0.8884, 0.7969, 0.2052, 0.0347],16,20
[0.8884, 0.7969, 0.2052, 0.0347],16,20
[0.8884, 0.7969, 0.2052, 0.0347],16,20
[0.8884, 0.7969, 0.2052, 0.0347],16,20
[0.8884, 0.7969, 0.2052, 0.0347],16,20
[0.8884, 0.7969, 0.2052, 0.0347],16,20
[0.8884, 0.7969, 0.2052, 0.0347],16,20
[0.8884, 0.7969, 0.2052, 0.0347],16,20
[0.8884, 0.7969, 0.2052, 0.0347],16,20
[0.8884, 0.7969, 0.2052, 0.0347],16,20
[0.8884, 0.7969, 0.2052, 0.0347],16,20
[0.8884, 0.7969, 0.2052, 0.0347],16,20
[0.8884, 0.7969, 0.2052, 0.0347],16,20
[0.8884, 0.7969, 0.2052, 0.0347],16,20
[0.8884, 0.7969, 0.2052, 0.0347],16,20
[0.8884, 0.7969, 0.2052, 0.0347],16,20
[0.8884, 0.7969, 0.2052, 0.0347],16,20
[0.8884, 0.7969, 0.2052, 0.0347],16,20
[0.8884, 0.7969, 0.2052, 0.0347],16,20
[0.8884, 0.7969, 0.2052, 0.0347],16,20
[0.8884, 0.7969, 0.2052, 0.0347],16,20
[0.8884, 0.7969, 0.2052, 0.0347],16,20
[0.8884, 0.7969, 0.2052, 0.0347],16,20
[0.8884, 0.7969, 0.2052, 0.0347],16,20
[0.8884, 0.7969, 0.2052, 0.0347],16,20
[0.8884, 0.7969, 0.2052, 0.0347],16,20
[0.8884, 0.7969, 0.2052, 0.0347],16,20
[0.8884, 0.7969, 0.2052, 0.0347],16,20
[0.8884, 0.7969, 0.2052, 0.0347],16,20
[0.8884, 0.7969, 0.2052, 0.0347],16,20
[0.8884, 0.7969, 0.2052, 0.0347],16,20
[0.8884, 0.7969, 0.2052, 0.0347],16,20
[0.8884, 0.7969, 0.2052, 0.0347],16,20
[0.8884, 0.7969, 0.2052, 0.0347],16,20
[0.8884, 0.7969, 0.2052, 0.0347],16,20
[0.8884, 0.7969, 0.2052, 0.0347],16,20
[0.8884, 0.7969, 0.2052, 0.0347],16,20
[0.8884, 0.7969, 0.2052, 0.0347],16,20
[0.8884, 0.7969, 0.2052, 0.0347],16,20
[0.8884, 0.7969, 0.2052, 0.0347],16,20
[0.8884, 0.7969, 0.2052, 0.0347],16,20
[0.8884, 0.7969, 0.2052, 0.0347],16,20
[0.8884, 0.7969, 0.2052, 0.0347],16,20
[0.8884, 0.7969, 0.2052, 0.0347],16,20
[0.8884, 0.7969, 0.2052, 0.0347],16,20
[0.8884, 0.7969, 0.2052, 0.0347],16,20
[0.8884, 0.7969, 0.2052, 0.0347],16,20
[0.8884, 0.7969, 0.2052, 0.0347],16,20
[0.8884, 0.7969, 0.2052, 0.0347],16,20
[0.8884, 0.7969, 0.2052, 0.0347],16,20
[0.8884, 0.7969, 0.2052, 0.0347],16,20
[0.8884, 0.7969, 0.2052, 0.0347],16,20
[0.8884, 0.7969, 0.2052, 0.0347],16,20
[0.8884, 0.7969, 0.2052, 0.0347],16,20
[0.8884, 0.7969, 0.2052, 0.0347],16,20
[0.8884, 0.7969, 0.2052, 0.0347],16,20
[0.8884, 0.7969, 0.2052, 0.0347],16,20
[0.8884, 0.7969, 0.2052, 0.0347],16,20
[0.8884, 0.7969, 0.2052, 0.0347],16,20
[0.8884, 0.7969, 0.2052, 0.0347],16,20
[0.8884, 0.7969, 0.2052, 0.0347],16,20
[0.8884, 0.7969, 0.2052, 0.0347],16,20
[0.8884, 0.7969, 0.2052, 0.0347],16,20
[0.8884, 0.7969, 0.2052, 0.0347],16,20
[0.8884, 0.7969, 0.2052, 0.0347],16,20
[0.8884, 0.7969, 0.2052, 0.0347],16,20
[0.8884, 0.7969, 0.2052, 0.0347],16,20
[0.8884, 0.7969, 0.2052, 0.0347],16,20
[0.8884, 0.7969, 0.2052, 0.0347],16,20
[0.8884, 0.7969, 0.2052, 0.0347],16,20
[0.8884, 0.7969, 0.2052, 0.0347],16,20
[0.8884, 0.7969, 0.2052, 0.0367],16,20
[0.8884, 0.7969, 0.2052, 0.0367],16,20
[0.8884, 0.7969, 0.2052, 0.0367],16,20
[0.8884, 0.7969, 0.2052, 0.0367],16,20
[0.8884, 0.7969, 0.2052, 0.0367],16,20
[0.8884, 0.7969, 0.2052, 0.0367],16,20
[0.8884, 0.7969, 0.2052, 0.0367],16,20
[0.8884, 0.7969, 0.2052, 0.0367],16,20
[0.8884, 0.7969, 0.2052, 0.0367],16,20
[0.8884, 0.7969, 0.2052, 0.0367],16,20
[0.8884, 0.7969, 0.2052, 0.0367],16,20
[0.8884, 0.7969, 0.2052, 0.0367],16,20
[0.8884, 0.7969, 0.2052, 0.0367],16,20
[0.8884, 0.7969, 0.2052, 0.0367],16,20
[0.8884, 0.7969, 0.2052, 0.0367],16,20
[0.8884, 0.7969, 0.2052, 0.0367],16,20
[0.8884, 0.7969, 0.2052, 0.0367],16,20
[0.8884, 0.7969, 0.2052, 0.0367],16,20
[0.8884, 0.7969, 0.2052, 0.0367],16,20
[0.8884, 0.7969, 0.2052, 0.0367],16,20
[0.8884, 0.7969, 0.2052, 0.0367],16,20
[0.8884, 0.7969, 0.2052, 0.0367],16,20
[0.8884, 0.7969, 0.2052, 0.0367],16,20
[0.8884, 0.7969, 0.2052, 0.0367],16,20
[0.8884, 0.7969, 0.2052, 0.0367],16,20
[0.8884, 0.7969, 0.2052, 0.039],16,20
[0.8884, 0.7969, 0.2052, 0.039],16,20
[0.8884, 0.7969, 0.2052, 0.0352],16,20
[0.8884, 0.7969, 0.2052, 0.0352],16,20
[0.8884, 0.7969, 0.2052, 0.0318],16,20
[0.8884, 0.7969, 0.2052, 0.0318],16,20
[0.8884, 0.7969, 0.2052, 0.0318],16,20
[0.8884, 0.7969, 0.2052, 0.0318],16,20
[0.8884, 0.7969, 0.2052, 0.0318],16,20
[0.8884, 0.7969, 0.2052, 0.0318],16,20
[0.8884, 0.7969, 0.2052, 0.0318],16,20
[0.8884, 0.7969, 0.2052, 0.0318],16,20
[0.8884, 0.7969, 0.2052, 0.0318],16,20
[0.8884, 0.7969, 0.2052, 0.0318],16,20
[0.8884, 0.7969, 0.2052, 0.0318],16,20
[0.8884, 0.7969, 0.2052, 0.0318],16,20
[0.8884, 0.7969, 0.2052, 0.0318],16,20
[0.8884, 0.7969, 0.2052, 0.0318],16,20
[0.8884, 0.7969, 0.2052, 0.0318],16,20
[0.8884, 0.7969, 0.2052, 0.0318],16,20
[0.8884, 0.7969, 0.2052, 0.0318],16,20
[0.8884, 0.7969, 0.2052, 0.0318],16,20
[0.8884, 0.7969, 0.2052, 0.0318],16,20
[0.8884, 0.7969, 0.2052, 0.0318],16,20
[0.8884, 0.7969, 0.2052, 0.0318],16,20
[0.8884, 0.7969, 0.2052, 0.0318],16,20
[0.8884, 0.7969, 0.2052, 0.0318],16,20
[0.8884, 0.7969, 0.2052, 0.0318],16,20
[0.8884, 0.7969, 0.2052, 0.0318],16,20
[0.8884, 0.7969, 0.2052, 0.0318],16,20
[0.8884, 0.7969, 0.2052, 0.0318],16,20
[0.8884, 0.7969, 0.2052, 0.0318],16,20
[0.8884, 0.7969, 0.2052, 0.0318],16,20
[0.8884, 0.7969, 0.2052, 0.0318],16,20
[0.8884, 0.7969, 0.2052, 0.0318],16,20
[0.8884, 0.7969, 0.2052, 0.0318],16,20
[0.8884, 0.7969, 0.2052, 0.0318],16,20
[0.8884, 0.7969, 0.2052, 0.0318],16,20
[0.8884, 0.7969, 0.2052, 0.0318],16,20
[0.8884, 0.7969, 0.2052, 0.0318],16,20
[0.8884, 0.7969, 0.2052, 0.0318],16,20
[0.8884, 0.7969, 0.2052, 0.0318],16,20
[0.8884, 0.7969, 0.2052, 0.0318],16,20
[0.8884, 0.7969, 0.2052, 0.0318],16,20
[0.8884, 0.7969, 0.2052, 0.0318],16,20
[0.8884, 0.7969, 0.2052, 0.0318],16,20
[0.8884, 0.7969, 0.2052, 0.0318],16,20
[0.8884, 0.7969, 0.2052, 0.0318],16,20
[0.8884, 0.7969, 0.2052, 0.0318],16,20
[0.8884, 0.7969, 0.2052, 0.0318],16,20
[0.8884, 0.7969, 0.2052, 0.0277],16,20
[0.8884, 0.7969, 0.2052, 0.0313],16,20
[0.8884, 0.7969, 0.2052, 0.0313],16,20
[0.8884, 0.7969, 0.2052, 0.0313],16,20
[0.8884, 0.7969, 0.2052, 0.0313],16,20
[0.8884, 0.7969, 0.2052, 0.0313],16,20
[0.8884, 0.7969, 0.2052, 0.0313],16,20
[0.8884, 0.7969, 0.2052, 0.0313],16,20
[0.8884, 0.7969, 0.2052, 0.0313],16,20
[0.8884, 0.7969, 0.2052, 0.0313],16,20
[0.8884, 0.7969, 0.2052, 0.0288],16,20
[0.8884, 0.7969, 0.2052, 0.0288],16,20
[0.8884, 0.7969, 0.2052, 0.0288],16,20
[0.8884, 0.7969, 0.2052, 0.0288],16,20
[0.8884, 0.7969, 0.2052, 0.0288],16,20
[0.8884, 0.7969, 0.2052, 0.0288],16,20
[0.8884, 0.7969, 0.2052, 0.0288],16,20
[0.8884, 0.7969, 0.2052, 0.0288],16,20
[0.8884, 0.7969, 0.2052, 0.0288],16,20
[0.8884, 0.7969, 0.2052, 0.0288],16,20
[0.8884, 0.7969, 0.2052, 0.0288],16,20
[0.8884, 0.7969, 0.2052, 0.0288],16,20
[0.8884, 0.7969, 0.2052, 0.0288],16,20
[0.8884, 0.7969, 0.2052, 0.0288],16,20
[0.8884, 0.7969, 0.2052, 0.0288],16,20
[0.8884, 0.7969, 0.2052, 0.0288],16,20
[0.8884, 0.7969, 0.2052, 0.0288],16,20
[0.8884, 0.7969, 0.2052, 0.0288],16,20
[0.8884, 0.7969, 0.2052, 0.0288],16,20
[0.8884, 0.7969, 0.2052, 0.0288],16,20
[0.8884, 0.7969, 0.2052, 0.0288],16,20
[0.8884, 0.7969, 0.2052, 0.0288],16,20
[0.8884, 0.7969, 0.2052, 0.0288],16,20
[0.8884, 0.7969, 0.2052, 0.0288],16,20
[0.8884, 0.7969, 0.2052, 0.0288],16,20
[0.8884, 0.7969, 0.2052, 0.0288],16,20
[0.8884, 0.7969, 0.2052, 0.0288],16,20
[0.8884, 0.7969, 0.2052, 0.0288],16,20
[0.8884, 0.7969, 0.2052, 0.0288],16,20
[0.8884, 0.7969, 0.2052, 0.0288],16,20
[0.8884, 0.7969, 0.2052, 0.0288],16,20
[0.8884, 0.7969, 0.2052, 0.0288],16,20
[0.8884, 0.7969, 0.2052, 0.0288],16,20
[0.8884, 0.7969, 0.2052, 0.0288],16,20
[0.8884, 0.7969, 0.2052, 0.0288],16,20
[0.8884, 0.7969, 0.2052, 0.0288],16,20
[0.8884, 0.7969, 0.2052, 0.0288],16,20
[0.8884, 0.7969, 0.2052, 0.0288],16,20
[0.8884, 0.7969, 0.2052, 0.0288],16,20
[0.8884, 0.7969, 0.2052, 0.0288],16,20
[0.8884, 0.7969, 0.2052, 0.0288],16,20
[0.8884, 0.7969, 0.2052, 0.0288],16,20
[0.8884, 0.7969, 0.2052, 0.0288],16,20
[0.8884, 0.7969, 0.2052, 0.0288],16,20
[0.8884, 0.7969, 0.2052, 0.0288],16,20
[0.8884, 0.7969, 0.2052, 0.0288],16,20
[0.8884, 0.7969, 0.2052, 0.0288],16,20
[0.8884, 0.7969, 0.2052, 0.0288],16,20
[0.8884, 0.7969, 0.2052, 0.0288],16,20
[0.8884, 0.7969, 0.2052, 0.0288],16,20
[0.8884, 0.7969, 0.2052, 0.0288],16,20
[0.8884, 0.7969, 0.2052, 0.0311],16,20
[0.8884, 0.7969, 0.2052, 0.0311],16,20
[0.8884, 0.7969, 0.2052, 0.0311],16,20
[0.8884, 0.7969, 0.2052, 0.0311],16,20
[0.8884, 0.7969, 0.2052, 0.0311],16,20
[0.8884, 0.7969, 0.2052, 0.0311],16,20
[0.8884, 0.7969, 0.2052, 0.0311],16,20
[0.8884, 0.7969, 0.2052, 0.0311],16,20
[0.8884, 0.7969, 0.2052, 0.0311],16,20
[0.8884, 0.7969, 0.2052, 0.0311],16,20
[0.8884, 0.7969, 0.2052, 0.0311],16,20
[0.8884, 0.7969, 0.2052, 0.0311],16,20
[0.8884, 0.7969, 0.2052, 0.0311],16,20
[0.8884, 0.7969, 0.2052, 0.0311],16,20
[0.8884, 0.7969, 0.2052, 0.0311],16,20
[0.8884, 0.7969, 0.2052, 0.0311],16,20
[0.8884, 0.7969, 0.2052, 0.0311],16,20
[0.8884, 0.7969, 0.2052, 0.0297],16,20
[0.8884, 0.7969, 0.2052, 0.0297],16,20
[0.8884, 0.7969, 0.2052, 0.0297],16,20
[0.8884, 0.7969, 0.2052, 0.0297],16,20
[0.8884, 0.7969, 0.2052, 0.0297],16,20
[0.8884, 0.7969, 0.2052, 0.0297],16,20
[0.8884, 0.7969, 0.2052, 0.0297],16,20
[0.8884, 0.7969, 0.2052, 0.0297],16,20
[0.8884, 0.7969, 0.2052, 0.0297],16,20
[0.8884, 0.7969, 0.2052, 0.0297],16,20
[0.8884, 0.7969, 0.2052, 0.0297],16,20
[0.8884, 0.7969, 0.2052, 0.0297],16,20
[0.8884, 0.7969, 0.2052, 0.0331],16,20
[0.8884, 0.7969, 0.2052, 0.0331],16,20
[0.8884, 0.7969, 0.2052, 0.0331],16,20
[0.8884, 0.7969, 0.2052, 0.0331],16,20
[0.8884, 0.7969, 0.2052, 0.0331],16,20
[0.8884, 0.7969, 0.2052, 0.0331],16,20
[0.8884, 0.7969, 0.2052, 0.0331],16,20
[0.8884, 0.7969, 0.2052, 0.0331],16,20
[0.8884, 0.7969, 0.2052, 0.0331],16,20
[0.8884, 0.7969, 0.2052, 0.0331],16,20
[0.8884, 0.7969, 0.2052, 0.0331],16,20
[0.8884, 0.7969, 0.2052, 0.0331],16,20
[0.8884, 0.7969, 0.2052, 0.0331],16,20
[0.8884, 0.7969, 0.2052, 0.0331],16,20
[0.8884, 0.7969, 0.2052, 0.0331],16,20
[0.8884, 0.7969, 0.2052, 0.0331],16,20
[0.8884, 0.7969, 0.2052, 0.0331],16,20
[0.8884, 0.7969, 0.2052, 0.0331],16,20
[0.8884, 0.7969, 0.2052, 0.0331],16,20
[0.8884, 0.7969, 0.2052, 0.0331],16,20
[0.8884, 0.7969, 0.2052, 0.0331],16,20
[0.8884, 0.7969, 0.2052, 0.0331],16,20
[0.8884, 0.7969, 0.2052, 0.0329],16,20
[0.8884, 0.7969, 0.2052, 0.0329],16,20
[0.8884, 0.7969, 0.2052, 0.0329],16,20
[0.8884, 0.7969, 0.2052, 0.0329],16,20
[0.8884, 0.7969, 0.2052, 0.0329],16,20
[0.8884, 0.7969, 0.2052, 0.031],16,20
[0.8884, 0.7969, 0.2052, 0.031],16,20
[0.8884, 0.7969, 0.2052, 0.031],16,20
[0.8884, 0.7969, 0.2052, 0.0348],16,20
[0.8884, 0.7969, 0.2052, 0.0348],16,20
[0.8884, 0.7969, 0.2052, 0.0348],16,20
[0.8884, 0.7969, 0.2052, 0.0348],16,20
[0.8884, 0.7969, 0.2052, 0.0348],16,20
[0.8884, 0.7969, 0.2052, 0.0348],16,20
[0.8884, 0.7969, 0.2052, 0.0348],16,20
[0.8884, 0.7969, 0.2052, 0.0348],16,20
[0.8884, 0.7969, 0.2052, 0.0348],16,20
[0.8884, 0.7969, 0.2052, 0.0348],16,20
[0.8884, 0.7969, 0.2052, 0.0348],16,20
[0.8884, 0.7969, 0.2052, 0.0348],16,20
[0.8884, 0.7969, 0.2052, 0.0348],16,20
[0.8884, 0.7969, 0.2052, 0.0348],16,20
[0.8884, 0.7969, 0.2052, 0.0348],16,20
[0.8884, 0.7969, 0.2052, 0.0348],16,20
[0.8884, 0.7969, 0.2052, 0.0348],16,20
[0.8884, 0.7969, 0.2052, 0.0348],16,20
[0.8884, 0.7969, 0.2052, 0.0348],16,20
[0.8884, 0.7969, 0.2052, 0.0348],16,20
[0.8884, 0.7969, 0.2052, 0.0348],16,20
[0.8884, 0.7969, 0.2052, 0.0348],16,20
[0.8884, 0.7969, 0.2052, 0.0348],16,20
[0.8884, 0.7969, 0.2052, 0.0348],16,20
[0.8884, 0.7969, 0.2052, 0.0348],16,20
[0.8884, 0.7969, 0.2052, 0.0348],16,20
[0.8884, 0.7969, 0.2052, 0.0348],16,20
[0.8884, 0.7969, 0.2052, 0.0348],16,20
[0.8884, 0.7969, 0.2052, 0.0348],16,20
[0.8884, 0.7969, 0.2052, 0.0348],16,20
[0.8884, 0.7969, 0.2052, 0.0348],16,20
[0.8884, 0.7969, 0.2052, 0.0348],16,20
[0.8884, 0.7969, 0.2052, 0.0348],16,20
[0.8884, 0.7969, 0.2052, 0.0348],16,20
[0.8884, 0.7969, 0.2052, 0.0348],16,20
[0.8884, 0.7969, 0.2052, 0.0348],16,20
[0.8884, 0.7969, 0.2052, 0.0348],16,20
[0.8884, 0.7969, 0.2052, 0.0348],16,20
[0.8884, 0.7969, 0.2052, 0.0365],16,20
[0.8884, 0.7969, 0.2052, 0.0343],16,20
[0.8884, 0.7969, 0.2052, 0.0343],16,20
[0.8884, 0.7969, 0.2052, 0.0343],16,20
[0.8884, 0.7969, 0.2052, 0.0343],16,20
[0.8884, 0.7969, 0.2052, 0.0343],16,20
[0.8884, 0.7969, 0.2052, 0.0343],16,20
[0.8884, 0.7969, 0.2052, 0.0343],16,20
[0.8884, 0.7969, 0.2052, 0.0343],16,20
[0.8884, 0.7969, 0.2052, 0.0343],16,20
[0.8884, 0.7969, 0.2052, 0.0343],16,20
[0.8884, 0.7969, 0.2052, 0.0343],16,20
[0.8884, 0.7969, 0.2052, 0.0343],16,20
[0.8884, 0.7969, 0.2052, 0.0343],16,20
[0.8884, 0.7969, 0.2052, 0.0343],16,20
[0.8884, 0.7969, 0.2052, 0.0343],16,20
[0.8884, 0.7969, 0.2052, 0.0343],16,20
[0.8884, 0.7969, 0.2052, 0.0343],16,20
[0.8884, 0.7969, 0.2052, 0.0343],16,20
[0.8884, 0.7969, 0.2052, 0.0343],16,20
[0.8884, 0.7969, 0.2052, 0.0343],16,20
[0.8884, 0.7969, 0.2052, 0.0343],16,20
[0.8884, 0.7969, 0.2052, 0.0343],16,20
[0.8884, 0.7969, 0.2052, 0.0343],16,20
[0.8884, 0.7969, 0.2052, 0.0343],16,20
[0.8884, 0.7969, 0.2052, 0.0322],16,20
[0.8884, 0.7969, 0.2052, 0.0322],16,20
[0.8884, 0.7969, 0.2052, 0.0322],16,20
[0.8884, 0.7969, 0.2052, 0.0322],16,20
[0.8884, 0.7969, 0.2052, 0.0322],16,20
[0.8884, 0.7969, 0.2052, 0.0322],16,20
[0.8884, 0.7969, 0.2052, 0.0322],16,20
[0.8884, 0.7969, 0.2052, 0.0322],16,20
[0.8884, 0.7969, 0.2052, 0.0316],16,20
[0.8884, 0.7969, 0.2052, 0.0316],16,20
[0.8884, 0.7969, 0.2052, 0.0316],16,20
[0.8884, 0.7969, 0.2052, 0.0316],16,20
[0.8884, 0.7969, 0.2052, 0.0316],16,20
[0.8884, 0.7969, 0.2052, 0.0316],16,20
[0.8884, 0.7969, 0.2052, 0.0316],16,20
[0.8884, 0.7969, 0.2052, 0.0316],16,20
[0.8884, 0.7969, 0.2052, 0.0316],16,20
[0.8884, 0.7969, 0.2052, 0.0316],16,20
[0.8884, 0.7969, 0.2052, 0.0316],16,20
[0.8884, 0.7969, 0.2052, 0.0316],16,20
[0.8884, 0.7969, 0.2052, 0.0316],16,20
[0.8884, 0.7969, 0.2052, 0.0316],16,20
[0.8884, 0.7969, 0.2052, 0.0316],16,20
[0.8884, 0.7969, 0.2052, 0.0316],16,20
[0.8884, 0.7969, 0.2052, 0.0316],16,20
[0.8884, 0.7969, 0.2052, 0.0316],16,20
[0.8884, 0.7969, 0.2052, 0.0316],16,20
[0.8884, 0.7969, 0.2052, 0.0316],16,20
[0.8884, 0.7969, 0.2052, 0.0316],16,20
[0.8884, 0.7969, 0.2052, 0.0316],16,20
[0.8884, 0.7969, 0.2052, 0.0316],16,20
[0.8884, 0.7969, 0.2052, 0.0316],16,20
[0.8884, 0.7969, 0.2052, 0.0316],16,20
[0.8884, 0.7969, 0.2052, 0.0282],16,20
[0.8884, 0.7969, 0.2052, 0.0282],16,20
[0.8884, 0.7969, 0.2052, 0.0282],16,20
[0.8884, 0.7969, 0.2052, 0.0282],16,20
[0.8884, 0.7969, 0.2052, 0.0282],16,20
[0.8884, 0.7969, 0.2052, 0.0282],16,20
[0.8884, 0.7969, 0.2052, 0.0282],16,20
[0.8884, 0.7969, 0.2052, 0.0282],16,20
[0.8884, 0.7969, 0.2052, 0.0282],16,20
[0.8884, 0.7969, 0.2052, 0.0282],16,20
[0.8884, 0.7969, 0.2052, 0.0282],16,20
[0.8884, 0.7969, 0.2052, 0.0282],16,20
[0.8884, 0.7969, 0.2052, 0.0282],16,20
[0.8884, 0.7969, 0.2052, 0.0282],16,20
[0.8884, 0.7969, 0.2052, 0.0282],16,20
[0.8884, 0.7969, 0.2052, 0.0282],16,20
[0.8884, 0.7969, 0.2052, 0.025],16,20
[0.8884, 0.7969, 0.2052, 0.025],16,20
[0.8884, 0.7969, 0.2052, 0.025],16,20
[0.8884, 0.7969, 0.2052, 0.025],16,20
[0.8884, 0.7969, 0.2052, 0.025],16,20
[0.8884, 0.7969, 0.2052, 0.025],16,20
[0.8884, 0.7969, 0.2052, 0.025],16,20
[0.8884, 0.7969, 0.2052, 0.025],16,20
[0.8884, 0.7969, 0.2052, 0.025],16,20
[0.8884, 0.7969, 0.2052, 0.025],16,20
[0.8884, 0.7969, 0.2052, 0.025],16,20
[0.8884, 0.7969, 0.2052, 0.025],16,20
[0.8884, 0.7969, 0.2052, 0.025],16,20
[0.8884, 0.7969, 0.2052, 0.025],16,20
[0.8884, 0.7969, 0.2052, 0.025],16,20
[0.8884, 0.7969, 0.2052, 0.025],16,20
[0.8884, 0.7969, 0.2052, 0.025],16,20
[0.8884, 0.7969, 0.2052, 0.0285],16,20
[0.8884, 0.7969, 0.2052, 0.0285],16,20
[0.8884, 0.7969, 0.2052, 0.0285],16,20
[0.8884, 0.7969, 0.2052, 0.0285],16,20
[0.8884, 0.7969, 0.2052, 0.0285],16,20
[0.8884, 0.7969, 0.2052, 0.0285],16,20
[0.8884, 0.7969, 0.2052, 0.0285],16,20
[0.8884, 0.7969, 0.2052, 0.0285],16,20
[0.8884, 0.7969, 0.2052, 0.0285],16,20
[0.8884, 0.7969, 0.2052, 0.0285],16,20
[0.8884, 0.7969, 0.2052, 0.0285],16,20
[0.8884, 0.7969, 0.2052, 0.0285],16,20
[0.8884, 0.7969, 0.2052, 0.0285],16,20
[0.8884, 0.7969, 0.2052, 0.0285],16,20
[0.8884, 0.7969, 0.2052, 0.0285],16,20
[0.8884, 0.7969, 0.2052, 0.0285],16,20
[0.8884, 0.7969, 0.2052, 0.0285],16,20
[0.8884, 0.7969, 0.2052, 0.0285],16,20
[0.8884, 0.7969, 0.2052, 0.0285],16,20
[0.8884, 0.7969, 0.2052, 0.0285],16,20
[0.8884, 0.7969, 0.2052, 0.0285],16,20
[0.8884, 0.7969, 0.2052, 0.0285],16,20
[0.8884, 0.7969, 0.2052, 0.0285],16,20
[0.8884, 0.7969, 0.2052, 0.0285],16,20
[0.8884, 0.7969, 0.2052, 0.0285],16,20
[0.8884, 0.7969, 0.2052, 0.0285],16,20
[0.8884, 0.7969, 0.2052, 0.0285],16,20
[0.8884, 0.7969, 0.2052, 0.0285],16,20
[0.8884, 0.7969, 0.2052, 0.0285],16,20
[0.8884, 0.7969, 0.2052, 0.0285],16,20
[0.8884, 0.7969, 0.2052, 0.0238],16,20
[0.8884, 0.7969, 0.2052, 0.0238],16,20
[0.8884, 0.7969, 0.2052, 0.0238],16,20
[0.8884, 0.7969, 0.2052, 0.0238],16,20
[0.8884, 0.7969, 0.2052, 0.0207],16,20
[0.8884, 0.7969, 0.2052, 0.0207],16,20
[0.8884, 0.7969, 0.2052, 0.0207],16,20
[0.8884, 0.7969, 0.2052, 0.0207],16,20
[0.8884, 0.7969, 0.2052, 0.0207],16,20
[0.8884, 0.7969, 0.2052, 0.0207],16,20
[0.8884, 0.7969, 0.2052, 0.0207],16,20
[0.8884, 0.7969, 0.2052, 0.0207],16,20
[0.8884, 0.7969, 0.2052, 0.0207],16,20
[0.8884, 0.7969, 0.2052, 0.0207],16,20
[0.8884, 0.7969, 0.2052, 0.0207],16,20
[0.8884, 0.7969, 0.2052, 0.0223],16,20
[0.8884, 0.7969, 0.2052, 0.0177],16,20
[0.8884, 0.7969, 0.2052, 0.0177],16,20
[0.8884, 0.7969, 0.2052, 0.0177],16,20
[0.8884, 0.7969, 0.2052, 0.0177],16,20
[0.8884, 0.7969, 0.2052, 0.0177],16,20
[0.8884, 0.7969, 0.2052, 0.0177],16,20
[0.8884, 0.7969, 0.2052, 0.0177],16,20
[0.8884, 0.7969, 0.2052, 0.0177],16,20
[0.8884, 0.7969, 0.2052, 0.0177],16,20
[0.8884, 0.7969, 0.2052, 0.0177],16,20
[0.8884, 0.7969, 0.2052, 0.0177],16,20
[0.8884, 0.7969, 0.2052, 0.0177],16,20
[0.8884, 0.7969, 0.2052, 0.0177],16,20
[0.8884, 0.7969, 0.2052, 0.0177],16,20
[0.8884, 0.7969, 0.2052, 0.0177],16,20
[0.8884, 0.7969, 0.2052, 0.0177],16,20
[0.8884, 0.7969, 0.2052, 0.0177],16,20
[0.8884, 0.7969, 0.2052, 0.0177],16,20
[0.8884, 0.7969, 0.2052, 0.0177],16,20
[0.8884, 0.7969, 0.2052, 0.0177],16,20
[0.8884, 0.7969, 0.2052, 0.0177],16,20
[0.8884, 0.7969, 0.2052, 0.0177],16,20
[0.8884, 0.7969, 0.2052, 0.0177],16,20
[0.8884, 0.7969, 0.2052, 0.0177],16,20
[0.8884, 0.7969, 0.2052, 0.0177],16,20
[0.8884, 0.7969, 0.2052, 0.0177],16,20
[0.8884, 0.7969, 0.2052, 0.0177],16,20
[0.8884, 0.7969, 0.2052, 0.0177],16,20
[0.8884, 0.7969, 0.2052, 0.0177],16,20
[0.8884, 0.7969, 0.2052, 0.0177],16,20
[0.8884, 0.7969, 0.2052, 0.0142],16,20
[0.8884, 0.7969, 0.2052, 0.0142],16,20
[0.8884, 0.7969, 0.2052, 0.0142],16,20
[0.8884, 0.7969, 0.2052, 0.0142],16,20
[0.8884, 0.7969, 0.2052, 0.0142],16,20
[0.8884, 0.7969, 0.2052, 0.0142],16,20
[0.8884, 0.7969, 0.2052, 0.0142],16,20
[0.8884, 0.7969, 0.2052, 0.0142],16,20
[0.8884, 0.7969, 0.2052, 0.0142],16,20
[0.8884, 0.7969, 0.2052, 0.0142],16,20
[0.8884, 0.7969, 0.2052, 0.0142],16,20
[0.8884, 0.7969, 0.2052, 0.0142],16,20
[0.8884, 0.7969, 0.2052, 0.0142],16,20
[0.8884, 0.7969, 0.2052, 0.0142],16,20
[0.8884, 0.7969, 0.2052, 0.0142],16,20
[0.8884, 0.7969, 0.2052, 0.0142],16,20
[0.8884, 0.7969, 0.2052, 0.0142],16,20
[0.8884, 0.7969, 0.2052, 0.0142],16,20
[0.8884, 0.7969, 0.2052, 0.0142],16,20
[0.8884, 0.7969, 0.2052, 0.0142],16,20
[0.8884, 0.7969, 0.2052, 0.0142],16,20
[0.8884, 0.7969, 0.2052, 0.0142],16,20
[0.8884, 0.7969, 0.2052, 0.0142],16,20
[0.8884, 0.7969, 0.2052, 0.0142],16,20
[0.8884, 0.7969, 0.2052, 0.0142],16,20
[0.8884, 0.7969, 0.2052, 0.0142],16,20
[0.8884, 0.7969, 0.2052, 0.0142],16,20
[0.8884, 0.7969, 0.2052, 0.0142],16,20
[0.8884, 0.7969, 0.2052, 0.0142],16,20
[0.8884, 0.7969, 0.2052, 0.0142],16,20
[0.8884, 0.7969, 0.2052, 0.0142],16,20
[0.8884, 0.7969, 0.2052, 0.0142],16,20
[0.8884, 0.7969, 0.2052, 0.0142],16,20
[0.8884, 0.7969, 0.2052, 0.0142],16,20
[0.8884, 0.7969, 0.2052, 0.0142],16,20
[0.8884, 0.7969, 0.2052, 0.0142],16,20
[0.8884, 0.7969, 0.2052, 0.0142],16,20
[0.8884, 0.7969, 0.2052, 0.0142],16,20
[0.8884, 0.7969, 0.2052, 0.0142],16,20
[0.8884, 0.7969, 0.2052, 0.0121],16,20
[0.8884, 0.7969, 0.2052, 0.0121],16,20
[0.8884, 0.7969, 0.2052, 0.0121],16,20
[0.8884, 0.7969, 0.2052, 0.0121],16,20
[0.8884, 0.7969, 0.2052, 0.0121],16,20
[0.8884, 0.7969, 0.2052, 0.0121],16,20
[0.8884, 0.7969, 0.2052, 0.0121],16,20
[0.8884, 0.7969, 0.2052, 0.0121],16,20
[0.8884, 0.7969, 0.2052, 0.0121],16,20
[0.8884, 0.7969, 0.2052, 0.0121],16,20
[0.8884, 0.7969, 0.2052, 0.0121],16,20
[0.8884, 0.7969, 0.2052, 0.0121],16,20
[0.8884, 0.7969, 0.2052, 0.0121],16,20
[0.8884, 0.7969, 0.2052, 0.0121],16,20
[0.8884, 0.7969, 0.2052, 0.0121],16,20
[0.8884, 0.7969, 0.2052, 0.0121],16,20
[0.8884, 0.7969, 0.2052, 0.0121],16,20
[0.8884, 0.7969, 0.2052, 0.0121],16,20
[0.8884, 0.7969, 0.2052, 0.0121],16,20
[0.8884, 0.7969, 0.2052, 0.0154],16,20
[0.8884, 0.7969, 0.2052, 0.013],16,20
[0.8884, 0.7969, 0.2052, 0.013],16,20
[0.8884, 0.7969, 0.2052, 0.013],16,20
[0.8884, 0.7969, 0.2052, 0.013],16,20
[0.8884, 0.7969, 0.2052, 0.013],16,20
[0.8884, 0.7969, 0.2052, 0.013],16,20
[0.8884, 0.7969, 0.2052, 0.013],16,20
[0.8884, 0.7969, 0.2052, 0.013],16,20
[0.8884, 0.7969, 0.2052, 0.0134],16,20
[0.8884, 0.7969, 0.2052, 0.0134],16,20
[0.8884, 0.7969, 0.2052, 0.0134],16,20
[0.8884, 0.7969, 0.2052, 0.0134],16,20
[0.8884, 0.7969, 0.2052, 0.0134],16,20
[0.8884, 0.7969, 0.2052, 0.0134],16,20
[0.8884, 0.7969, 0.2052, 0.0134],16,20
[0.8884, 0.7969, 0.2052, 0.0134],16,20
[0.8884, 0.7969, 0.2052, 0.0134],16,20
[0.8884, 0.7969, 0.2052, 0.0134],16,20
[0.8884, 0.7969, 0.2052, 0.0134],16,20
[0.8884, 0.7969, 0.2052, 0.0134],16,20
[0.8884, 0.7969, 0.2052, 0.0134],16,20
[0.8884, 0.7969, 0.2052, 0.0134],16,20
[0.8884, 0.7969, 0.2052, 0.0134],16,20
[0.8884, 0.7969, 0.2052, 0.0134],16,20
[0.8884, 0.7969, 0.2052, 0.0134],16,20
[0.8884, 0.7969, 0.2052, 0.0134],16,20
[0.8884, 0.7969, 0.2052, 0.0134],16,20
[0.8884, 0.7969, 0.2052, 0.0134],16,20
[0.8884, 0.7969, 0.2052, 0.0134],16,20
[0.8884, 0.7969, 0.2052, 0.0134],16,20
[0.8884, 0.7969, 0.2052, 0.0134],16,20
[0.8884, 0.7969, 0.2052, 0.0134],16,20
[0.8884, 0.7969, 0.2052, 0.0134],16,20
[0.8884, 0.7969, 0.2052, 0.0134],16,20
[0.8884, 0.7969, 0.2052, 0.0134],16,20
[0.8884, 0.7969, 0.2052, 0.0134],16,20
[0.8884, 0.7969, 0.2052, 0.0134],16,20
[0.8884, 0.7969, 0.2052, 0.0134],16,20
[0.8884, 0.7969, 0.2052, 0.0134],16,20
[0.8884, 0.7969, 0.2052, 0.0134],16,20
[0.8884, 0.7969, 0.2052, 0.0134],16,20
[0.8884, 0.7969, 0.2052, 0.0134],16,20
[0.8884, 0.7969, 0.2052, 0.0134],16,20
[0.8884, 0.7969, 0.2052, 0.0134],16,20
[0.8884, 0.7969, 0.2052, 0.0134],16,20
[0.8884, 0.7969, 0.2052, 0.0134],16,20
[0.8884, 0.7969, 0.2052, 0.0134],16,20
[0.8884, 0.7969, 0.2052, 0.0134],16,20
[0.8884, 0.7969, 0.2052, 0.0134],16,20
[0.8884, 0.7969, 0.2052, 0.0134],16,20
[0.8884, 0.7969, 0.2052, 0.0134],16,20
